4294967279,551
4294967278,351
4294967278,61
4294967278,55
4294967279,112
4294967279,110
4294967279,84
4294967279,81
4294967279,74
4294967279,63
4294967278,371
4294967278,392
4294967279,52
4294967279,532
4294967278,329
4294967279,531
4294967278,298
4294967279,530
4294967279,161
4294967278,160
4294967279,160
4294967278,159
4294967279,159
4294967278,158
4294967279,158
4294967278,157
4294967278,154
4294967279,153
4294967278,153
4294967278,152
4294967278,150
4294967278,149
4294967279,148
4294967279,572
4294967278,293
4294967279,288
4294967278,143
4294967278,128
4294967278,127
4294967278,360
4294967278,120
4294967278,119
4294967278,118
4294967278,117
4294967278,116
4294967278,111
4294967278,110
4294967278,109
4294967278,108
4294967278,107
4294967278,103
4294967278,100
4294967278,99
4294967278,98
4294967278,97
4294967278,96
4294967278,93
4294967278,91
4294967278,90
4294967278,89
4294967278,87
4294967278,85
4294967278,83
4294967278,81
4294967278,80
4294967278,337
4294967278,78
4294967278,73
4294967278,71
4294967278,68
4294967278,66
4294967278,63
4294967278,54
4294967278,385
4294967278,53
4294967278,51
4294967278,328
4294967278,44
4294967278,297
4294967278,43
4294967278,327
4294967278,41
4294967278,34
4294967278,32
4294967278,291
4294967278,26
4294967278,25
4294967278,22
4294967278,20
4294967279,72
4294967279,69
4294967279,61
4294967279,292
4294967279,156
4294967279,327
4294967279,526
4294967279,41
4294967279,36
4294967279,289
4294967279,35
4294967279,34
4294967279,32
4294967279,22
4294967279,16
4294967279,10
4294967279,330
4294967278,140
4294967294,1421
4294967279,25
4294967279,285
4294967278,24
4294967278,135
4294967279,23
4294967279,522
4294967279,133
4294967294,920
4294967278,284
4294967278,260
4294967278,133
4294967279,21
4294967279,268
4294967279,282
4294967279,279
241,6
241,5
4294967279,280
241,4
241,3
241,2
241,1
4294967278,283
4294967279,337
4294967278,310
4294967279,263
4294967279,276
4294967278,409
4294967279,262
4294967279,11
4294967279,261
4294967279,273
4294967278,322
4294967279,257
4294967278,261
4294967279,256
4294967278,262
4294967278,259
4294967278,126
4294967278,317
4294967278,255
4294967278,343
4294967278,406
4294967278,123
4294967278,253
4294967278,121
4294967278,250
4294967278,251
4294967278,248
4294967278,244
238,5
4294967278,242
238,4
238,3
238,2
238,1
4294967278,240
4294967278,114
4294967278,358
4294967278,112
4294967278,235
4294967279,346
4294967278,232
4294967278,230
4294967278,228
4294967279,226
4294967278,226
4294967294,12
4294967278,401
4294967278,106
4294967279,356
4294967278,105
4294967278,221
4294967278,104
4294967278,219
4294967278,216
4294967279,355
4294967278,102
4294967278,214
4294967278,215
4294967278,213
4294967278,212
236,6
236,5
4294967278,210
236,4
236,3
236,2
236,1
4294967279,543
4294967278,209
4294967279,329
4294967294,120
4294967278,95
4294967278,381
4294967278,92
4294967278,308
4294967278,203
4294967278,201
4294967279,199
4294967278,200
4294967279,339
4294967294,919
4294967278,84
4294967294,1422
4294967279,338
4294967278,82
4294967278,405
4294967279,82
4294967279,302
4294967278,194
4294967279,194
4294967278,193
4294967279,193
4294967279,191
4294967278,192
4294967279,192
4294967278,191
4294967279,76
4294967279,565
4294967279,188
4294967278,74
4294967278,377
4294967279,187
4294967278,186
4294967294,388
4294967279,73
4294967279,186
4294967279,322
4294967278,72
4294967278,185
4294967278,376
4294967279,185
4294967278,184
4294967278,183
4294967279,183
4294967279,180
4294967278,182
233,6
4294967279,182
233,5
4294967278,181
233,4
4294967279,181
233,3
233,2
233,1
4294967278,180
4294967279,66
4294967279,564
4294967279,57
4294967294,409
4294967294,396
4294967294,1415
4294967294,399
4294967294,385
4294967294,948
4294967294,407
4294967294,420
4294967294,398
4294967294,167
4294967294,913
4294967294,463
4294967294,391
4294967294,112
4294967294,184
4294967294,119
4294967278,373
4294967278,64
4294967278,177
4294967278,354
4294967279,64
4294967279,176
4294967278,62
4294967278,333
4294967279,62
4294967279,175
4294967279,535
4294967279,173
4294967279,172
4294967279,169
4294967279,171
4294967279,170
4294967279,550
4294967279,563
4294967279,49
4294967279,55
4294967279,344
4294967279,354
4294967279,53
4294967279,164
4294967279,163
4294967279,162
4294967279,549
4294967279,38
4294967279,353
4294967279,47
4294967279,331
4294967279,46
4294967279,157
4294967278,156
4294967294,1420
4294967294,965
4294967294,966
4294967294,161
4294967294,960
4294967294,899
4294967294,898
4294967279,44
4294967279,155
4294967279,154
4294967279,152
4294967279,149
230,6
4294967279,151
230,5
4294967278,151
230,4
4294967279,150
230,3
230,2
230,1
4294967279,326
4294967278,147
4294967278,146
4294967279,145
4294967294,392
4294967294,389
4294967294,390
4294967294,115
4294967294,114
4294967294,424
4294967294,387
4294967294,46
4294967278,145
4294967279,33
4294967279,144
4294967279,524
4294967294,89
4294967278,144
4294967279,143
4294967279,142
4294967279,141
4294967279,140
4294967279,558
4294967294,99
4294967294,76
4294967279,286
4294967279,20
4294967294,107
4294967279,26
4294967279,325
4294967278,403
4294967279,548
4294967278,134
4294967279,269
0,7
4294967294,68
4294967294,11
4294967294,475
4294967294,904
4294967294,186
4294967294,903
4294967294,1
4294967294,437
4294967278,380
4294967279,352
